Epoch: 0
     Weights: [0.14868305 0.39327311 0.13194958 0.7378147  0.5790477  0.292482
 0.08584759 0.89680802 0.82657475 0.78081994 0.37269911 0.95616548]
     MSE: 4068.9573609567124
Epoch: 50
     Weights: [ 0.12080315  0.15499375  0.11734691  0.72985429  0.50659452  0.29006358
 -0.22522038 -0.05262438  0.80389274  0.70560857  0.35785444  0.71458785]
     MSE: 19.1036942935906
Epoch: 100
     Weights: [ 0.11161877  0.07281403  0.1125364   0.72708115  0.4830696   0.28927454
 -0.20913652 -0.02963296  0.79468021  0.67505501  0.35193916  0.61411473]
     MSE: 11.356326085845431
Epoch: 150
     Weights: [ 0.10492945  0.01327342  0.10895109  0.72506274  0.4650435   0.28869325
 -0.18621839 -0.01629468  0.78796811  0.65277638  0.34766886  0.54093015]
     MSE: 7.134988293029815
Epoch: 200
     Weights: [ 0.09998592 -0.03032861  0.10622784  0.72358413  0.45085168  0.28825796
 -0.16146031 -0.00882345  0.78300608  0.63627827  0.34454873  0.4868175 ]
     MSE: 4.719985489275974
Epoch: 250
     Weights: [ 0.09628169 -0.06254643  0.10412009  0.72249713  0.43937435  0.28792676
 -0.13753513 -0.00487207  0.77928682  0.62387702  0.34224448  0.4462287 ]
     MSE: 3.2829507579905015
Epoch: 300
     Weights: [ 0.0934702  -0.08651573  0.10245829  0.72169814  0.42984924  0.28767087
 -0.11574291 -0.00299382  0.77646306  0.61442222  0.34052745  0.41537137]
     MSE: 2.4020340251868784
Epoch: 350
     Weights: [ 0.09131105 -0.10442532  0.10112424  0.72111368  0.42175062  0.28747023
 -0.09659197 -0.00230393  0.77429389  0.60711733  0.33923914  0.39161856]
     MSE: 1.850139255195614
Epoch: 400
     Weights: [ 0.08963517 -0.11782524  0.10003434  0.72069086  0.41471086  0.28731066
 -0.08015142 -0.002267    0.77260979  0.60140302  0.33826812  0.37312472]
     MSE: 1.49876857482496
Epoch: 450
     Weights: [ 0.08832187 -0.12782927  0.0991286   0.72039109  0.40846908  0.28718201
 -0.06626193 -0.00256379  0.7712897   0.59688077  0.33753491  0.35857429]
     MSE: 1.2722015587550526
Epoch: 500
     Weights: [ 0.08728375 -0.13524929  0.09836334  0.72018578  0.40283745  0.28707688
 -0.05465942 -0.00300796  0.77024596  0.59326245  0.33698197  0.34701576]
     MSE: 1.124432795147757
Epoch: 550
     Weights: [ 0.08645661 -0.14068531  0.09770632  0.72005352  0.39767873  0.28698982
 -0.04504546 -0.00349414  0.76941414  0.59033679  0.33656708  0.33775107]
     MSE: 1.0268976060117185
Epoch: 600
     Weights: [ 0.08579267 -0.14458645  0.09713342  0.71997809  0.39289129  0.28691677
 -0.03712557 -0.00396572  0.76874628  0.5879468   0.33625882  0.33026125]
     MSE: 0.9615962068649988
Epoch: 650
     Weights: [ 0.08525594 -0.14729285  0.0966264   0.71994703  0.38839886  0.28685463
 -0.03062843 -0.00439496  0.76820622  0.58597432  0.33603353  0.32415564]
     MSE: 0.9170745051075607
Epoch: 700
     Weights: [ 0.08481898 -0.14906476  0.0961713   0.71995075  0.38414355  0.28680106
 -0.02531396 -0.00477078  0.76776644  0.58432947  0.33587319  0.31913689]
     MSE: 0.8859969144383427
Final Wine Weights: [ 0.08446071 -0.15010307  0.09575735  0.71998177  0.38008093  0.28675423
 -0.02097522 -0.0050914   0.76740573  0.58294318  0.33576395  0.31497647]
Final Wine MSE: 0.8636458618086915
